-33.93049479166667
-34.25403645833333
-34.224567057291665
-34.195146484375
-34.39604817708334
-34.44989908854166
-34.58450846354167
-34.4478515625
-34.589505208333335
-34.593860677083335
-34.62953450520833
-34.612711588541664
-34.56504557291667
-34.62025390625
-34.596533203125
-34.58239908854166
-34.585771484375
-34.586953125
-34.59150390625
-34.59092122395833
-34.573147786458335
-34.624417317708335
-34.580647786458336
-34.59444986979167
-34.56213541666666
-34.574938151041664
-34.59706705729167
-34.55563151041667
-34.53677734375
-34.523173828125
-34.599453125
-34.553525390625
-34.562633463541665
-34.56162109375
-34.562486979166664
-34.54469401041667
-34.558483072916665
-34.587483723958336
-34.58400390625
-34.559993489583334
-34.56381184895833
-34.54826497395833
-34.54385416666667
-34.537526041666666
-34.573486328125
-34.548597005208336
-34.5283203125
-34.54708333333333
-34.56395833333333
-34.574541015625
-34.529309895833336
-34.56914388020834
-34.51061197916667
-34.53263671875
-34.55772135416667
-34.50560546875
-34.5265234375
-34.557415364583335
-34.5585546875
-34.53203125
-34.521266276041665
-34.51660807291667
-34.53529947916667
-34.527194010416665
-34.550966796875
-34.55302734375
-34.53724934895833
-34.50924153645833
-34.56540690104167
-34.53029622395833
-34.52625325520833
-34.538984375
-34.513248697916666
-34.51861653645833
-34.53720052083333
-34.50875325520833
-34.53623046875
-34.52964192708333
-34.499560546875
-34.51798828125
-34.523235677083335
-34.524905598958334
-34.52093424479167
-34.50927734375
-34.50859700520834
-34.53305013020833
-34.501285807291666
-34.533190104166664
-34.528997395833336
-34.512044270833336
-34.503125
-34.55296875
-34.508974609375
-34.498424479166665
-34.49002278645833
-34.50399739583333
-34.52111002604167
-34.53689778645833
-34.54349283854167
-34.506009114583335
-34.486813151041666
-34.5004296875
-34.492688802083336
-34.50969075520833
-34.504300130208335
-34.521253255208336
-34.51161458333333
-34.48158203125
-34.509098307291666
-34.48252278645833
-34.51135416666666
-34.495755208333335
-34.51527669270833
-34.494847005208335
-34.510052083333335
-34.512958984375
-34.511220703125
-34.513359375
-34.51490234375
-34.522220052083334
-34.51527669270833
-34.49318359375
-34.53056966145834
-34.487353515625
-34.52025390625
-34.481608072916664
-34.495537109375
-34.49561197916667
-34.51234700520833
-34.52915690104167
-34.50821614583333
-34.48958658854167
-34.492122395833334
-34.491640625
-34.511402994791666
-34.48510091145833
-34.50716796875
-34.48526692708333
-34.500735677083334
-34.47786783854167
-34.51632486979167
-34.48549479166667
-34.48486328125
-34.515703125
-34.477822265625
-34.50594401041667
-34.492578125
-34.478177083333335
-34.49456705729167
-34.49630208333333
-34.48762369791667
-34.49060546875
-34.486256510416666
-34.50888671875
-34.48794596354167
-34.48210286458333
-34.47902669270833
-34.49180013020833
-34.467503255208335
-34.47998046875
-34.482151692708335
-34.48286458333333
-34.507565104166666
-34.48452799479167
-34.482366536458336
-34.48740885416667
-34.49344075520833
-34.49507161458333
-34.498590494791664
-34.5075390625
-34.49747395833333
-34.489749348958334
-34.46447591145834
-34.50312825520833
-34.498447265625
-34.47236002604166
-34.477314453125
-34.50694010416667
-34.489254557291666
-34.4705078125
-34.47982747395833
-34.486041666666665
-34.50446940104167
-34.52940104166667
-34.48209309895833
-34.51126953125
-34.49072265625
-34.511484375
-34.49954427083333
-34.49530924479166
-34.496975911458335
-34.469267578125
-34.48623697916667
-34.484264322916665
-34.48346028645833
-34.51674153645833
-34.487613932291666
-34.461181640625
-34.48632161458333
-34.46030924479167
-34.46880859375
-34.485296223958336
-34.501087239583335
-34.475270182291666
-34.476513671875
-34.517757161458334
-34.49531575520833
-34.48535807291667
-34.47830403645833
-34.45670247395833
-34.51009440104167
-34.48717447916667
-34.499248046875
-34.52075846354167
-34.4996875
-34.497965494791664
-34.49447591145833
-34.48526041666667
-34.50622395833334
-34.49920572916667
-34.499104817708336
-34.50109375
-34.51970703125
-34.469593098958335
-34.487919921875
-34.48337890625
-34.494098307291665
-34.51923502604166
-34.47912760416666
-34.492008463541666
-34.49528645833333
-34.477080078125
-34.49688802083333
-34.48003255208334
-34.45385091145833
-34.54926432291666
-34.48294596354167
-34.502903645833335
-34.5147265625
-34.49667317708333
-34.465234375
-34.47263997395833
-34.479235026041664
-34.48972981770833
-34.466852213541664
-34.48801432291667
-34.46918619791666
-34.51165690104167
-34.494358723958335
-34.490068359375
-34.51255533854167
-34.474674479166666
-34.48513997395833
-34.51185546875
-34.49333333333333
-34.499768880208336
-34.520618489583335
-34.533095703125
-34.498896484375
-34.50138997395833
-34.49785481770834
-34.46740559895834
-34.483645833333334
-34.497666015625
-34.49521809895833
-34.49146484375
-34.476767578125
-34.53665364583333
-34.54201171875
-34.507320963541666
-34.50904296875
-34.50697916666667
-34.481204427083334
-34.51180989583333
-34.500921223958336
-34.46227213541667
-34.52324544270834
-34.51480143229167
-34.51197916666667
-34.476077473958334
-34.462132161458335
-34.456455078125
-34.485393880208335
-34.47665364583333
-34.5069921875
-34.502307942708335
-34.50013671875
-34.499322916666664
-34.485244140625
-34.469264322916665
-34.48979166666667
-34.49726888020833
-34.507281901041665
-34.499866536458335
-34.48202473958333
-34.503245442708334
-34.489853515625
-34.51297526041667
-34.477412109375
-34.4665234375
-34.49608723958333
-34.49973958333333
-34.480810546875
-34.478408203125
-34.48141276041667
-34.471875
-34.47917317708333
-34.365380859375
-34.46343098958334
-34.499339192708334
-34.484361979166664
-34.49193684895833
-34.4746875
-34.44795247395833
-34.50153971354167
-34.48441080729167
-34.496357421875
-34.50270833333333
-34.497991536458336
-34.47202473958333
-34.46180989583333
-34.483359375
-34.45881510416667
-34.482662760416666
-34.45366536458334
-34.49208984375
-34.5063671875
-34.500107421875
-34.465087890625
-34.51134440104167
-34.485732421875
-34.46344075520833
-34.49794596354167
-34.49351236979167
-34.47514322916667
-34.457574869791664
-34.52064778645833
-34.50962239583333
-34.524212239583335
-34.51190104166667
-34.531455078125
-34.495472005208335
-34.50255859375
-34.50647135416666
-34.530276692708334
-34.48291666666667
-34.49255533854166
-34.496025390625
-34.507838541666665
-34.484375
-34.48636067708333
-34.493655598958334
-34.485439453125
-34.474459635416665
-34.512623697916666
-34.504638671875
-34.48746419270833
-34.51216796875
-34.493733723958336
-34.516832682291664
-34.5445703125
-34.511920572916665
-34.494072265625
-34.506416015625
-34.478922526041664
-34.49076822916667
-34.472958984375
-34.502239583333335
-34.468427734375
-34.48414713541667
-34.47155924479166
-34.497975260416666
-34.470904947916665
-34.49390625
-34.47435546875
-34.47341796875
-34.442141927083334
-34.470947265625
-34.483369140625
-34.47606770833333
-34.48172526041667
-34.51370442708333
-34.493212890625
-34.488798828125
-34.47447265625
-34.532281901041664
-34.514873046875
-34.50027994791667
-34.44631184895833
-34.50319661458333
-34.48078776041667
-34.47181966145833
-34.49667317708333
-34.49090494791667
-34.4719140625
-34.480751953125
-34.45146809895834
-34.47955078125
-34.490061848958334
-34.513359375
-34.485966796875
-34.480126953125
-34.50060546875
-34.473662109375
-34.48177408854167
-34.4779296875
-34.478069661458335
-34.494860026041664
-34.52078125
-34.478922526041664
-34.45330078125
-34.516901041666664
-34.4608984375
-34.50436197916667
-34.473896484375
-34.51169596354167
-34.479625651041665
-34.48869466145833
-34.48038411458333
-34.49470703125
-34.50244791666667
-34.50117513020833
-34.485690104166665
-34.49028645833334
-34.482434895833336
-34.494794921875
-34.471552734375
-34.49391927083333
-34.470341796875
-34.481266276041666
-34.475032552083334
-34.49446940104167
-34.46490234375
-34.478326822916664
-34.482708333333335
-34.4943359375
-34.5063671875
-34.505927734375
-34.48759440104167
-34.4944140625
-34.49874348958333
-34.48173828125
-34.45650716145833
-34.481936848958334
-34.466197916666665
-34.499345703125
-34.471966145833335
-34.448466796875
-34.49769856770833
-34.46317057291667
-34.47470703125
-34.455673828125
-34.4803515625
-34.491617838541664
-34.488470052083336
-34.492770182291665
-34.44837239583333
-34.50718424479167
-34.471689453125
-34.4761328125
-34.4797265625
-34.49107096354167
-34.50099934895833
-34.47693684895833
-34.479954427083335
-34.45875
-34.49162109375
-34.470341796875
-34.47978515625
-34.474664713541664
-34.46931315104167
-34.483427734375
-34.468974609375
-34.46865885416667
-34.477223307291666
-34.472802734375
-34.474651692708335
-34.47854817708333
-34.486126302083335
-34.464326171875
-34.439397786458336
-34.447399088541665
-34.42770182291667
-34.4473828125
-34.48179036458333
-34.435849609375
-34.458645833333335
-34.43866861979166
-34.461497395833334
-34.462903645833336
-34.43849609375
-34.46215169270833
-34.45957356770833
-34.486217447916665
-34.460491536458335
-34.45283528645833
-34.474635416666665
-34.473681640625
-34.42226236979167
-34.43534830729167
-34.44376302083333
-34.485445963541665
-34.488134765625
-34.477734375
-34.48677083333333
-34.471669921875
-34.455791015625
-34.45244466145834
-34.45447265625
-34.4924609375
-34.470703125
-34.4569921875
-34.454560546875
-34.48931966145833
-34.449326171875
-34.46423177083334
-34.47885091145833
-34.45497395833333
-34.46559244791667
-34.440670572916666
-34.46577473958333
-34.478024088541666
-34.467548828125
-34.496689453125
-34.47583984375
-34.481982421875
-34.46694010416667
-34.510989583333334
-34.45323893229167
-34.451673177083336
-34.49817708333333
-34.508190104166665
-34.47326497395834
-34.507744140625
-34.468707682291665
-34.485419921875
-34.488277994791666
-34.472727864583334
-34.464954427083335
-34.471767578125
-34.47745442708333
-34.47640950520833
-34.472789713541665
-34.456591796875
-34.454384765625
-34.477252604166665
-34.45844401041666
-34.45859375
-34.456897786458335
-34.4580078125
-34.45021484375
-34.46730143229167
-34.45047526041667
-34.46041341145833
-34.43314127604167
-34.43530924479167
-34.465888671875
-34.46292317708333
-34.412770182291666
-34.44995768229167
-34.46398763020834
-34.45453776041666
-34.44551106770833
-34.433277994791666
-34.461103515625
-34.48537434895833
-34.46708658854167
-34.423365885416665
-34.47441080729167
-34.438610026041665
-34.45691080729166
-34.472545572916665
-34.44259440104167
-34.46123372395834
-34.480481770833336
-34.46487955729167
-34.45322591145833
-34.47590494791667
-34.450130208333334
-34.42163736979167
-34.4744140625
-34.444378255208335
-34.472141927083335
-34.49588216145833
-34.45278971354167
-34.46401041666667
-34.43990559895833
-34.447685546875
-34.476793619791664
-34.448583984375
-34.44839518229167
-34.446383463541665
-34.45211263020833
-34.453955078125
-34.44053385416667
-34.462659505208336
-34.440458984375
-34.4493359375
-34.458623046875
-34.468359375
-34.46857421875
-34.449951171875
-34.451123046875
-34.465159505208334
-34.45889973958333
-34.458238932291664
-34.440891927083335
-34.428821614583335
-34.44870768229167
-34.45873046875
-34.47319010416667
-34.4750390625
-34.480703125
-34.41174153645834
-34.42346028645834
-34.465335286458334
-34.44400390625
-34.4254296875
-34.42988606770833
-34.410045572916665
-34.391995442708335
-34.41708984375
-34.414606119791664
-34.40939127604167
-34.270358072916665
-34.38025065104166
-34.241171875
-34.24189127604166
-34.227268880208335
-34.20908528645833
-34.18578125
-34.243014322916665
-34.22343424479167
-34.219306640625
-34.20966796875
-34.23685221354167
-34.228001302083335
-34.20452799479167
-34.21304361979167
-34.22422526041667
-34.19909830729166
-34.193779296875
-34.197620442708335
-34.215074869791664
-34.20403971354167
-34.20777994791667
-34.19910481770833
-34.22349283854167
-34.1980078125
-34.22743489583333
-34.206354166666664
-34.22232096354167
-34.21823893229167
-34.21740234375
-34.17829752604167
-34.215224609375
-34.187900390625
-34.179606119791664
-34.20852864583333
-34.16761067708333
-34.19880533854167
-34.184013671875
-34.17427734375
-34.17167643229167
-34.1788671875
-34.15743815104167
-34.16282552083333
-34.15787109375
-34.115436197916665
-34.09385416666667
-34.13323893229167
-34.153141276041666
-34.1254296875
-34.12935546875
-34.11853190104166
-34.088069661458334
-34.091106770833335
-34.091295572916664
-34.10734700520833
-34.1052734375
-34.07679036458333
-34.0497265625
-34.076891276041664
-34.03398111979167
-34.0453125
-34.045830078125
-33.99963216145834
-34.012356770833335
-34.027981770833335
-34.05474609375
-34.024876302083335
-34.00501302083333
-34.023134765625
-34.036311848958334
-34.013424479166666
-33.993365885416665
-34.04122721354167
-34.020791015625
-34.016292317708334
-34.02310221354167
-34.04672200520833
-34.097819010416664
-34.04446614583333
-34.07059244791667
-34.0673828125
-34.09766276041667
-34.091552734375
-34.08530598958333
-34.11777669270833
-34.10890299479167
-34.14277018229166
-34.132109375
-34.17584309895833
-34.2033203125
-34.16805989583333
-34.205
-34.199557291666665
-34.2284375
-34.246064453125
-34.22953125
-34.19165690104167
-34.213336588541665
-34.20941080729167
-34.18378580729166
-34.2049609375
-34.20650390625
-34.18968098958333
-34.188968098958334
-34.21578450520833
-34.19809895833333
-34.21029622395833
-34.190068359375
-34.178873697916664
-34.236256510416666
-34.20420247395833
-34.176800130208335
-34.208902994791664
-34.19057291666667
-34.2039453125
-34.203870442708336
-34.129000651041665
-34.17715494791667
-34.191585286458334
-34.21146484375
-34.17848958333333
-34.17934244791667
-34.201826171875
-34.169993489583334
-34.15940104166667
-34.195856119791664
-34.17495768229167
-34.18562174479167
-34.1803125
-34.173639322916664
-34.181396484375
-34.193736979166665
-34.216311848958334
-34.181263020833335
-34.17041666666667
-34.20728515625
-34.211292317708335
-34.16720703125
-34.225732421875
-34.19411458333333
-34.162623697916665
-34.18243489583333
-34.194345703125
-34.20934244791667
-34.17361979166667
-34.196223958333334
-34.18970377604167
-34.17845052083333
-34.24436848958333
-34.17319986979167
-34.17325520833333
-34.201419270833334
-34.19731119791667
-34.181341145833336
-34.20154622395833
-34.17634765625
-34.219241536458334
-34.20653645833333
-34.23076171875
-34.230458984375
-34.229029947916665
-34.23526692708333
-34.2340625
-34.25705078125
-34.290716145833336
-34.287975260416665
-34.263294270833335
-34.25277669270833
-34.345234375
-34.321217447916666
-34.28837890625
